81 181 105 209 RECTANGLE 1
749 354 772 377 RECTANGLE 2
Walls:
395 12 442 184 RECTANGLE 3
13 376 219 445 RECTANGLE 4
457 278 526 407 RECTANGLE 5
686 513 896 578 RECTANGLE 6
Waypoints:
820 453 820 453 RECTANGLE 7
702 481 702 481 RECTANGLE 9
575 560 575 560 RECTANGLE 11
490 482 490 482 RECTANGLE 14
320 572 320 572 RECTANGLE 16
58 529 58 529 RECTANGLE 19
271 515 271 515 RECTANGLE 20
352 412 352 412 RECTANGLE 23
276 330 276 330 RECTANGLE 25
402 254 402 254 RECTANGLE 27
505 233 505 233 RECTANGLE 29
562 60 562 60 RECTANGLE 32
628 160 628 160 RECTANGLE 34
830 60 830 60 RECTANGLE 37
786 185 786 185 RECTANGLE 39
682 274 682 274 RECTANGLE 43
600 379 600 379 RECTANGLE 46
292 150 292 150 RECTANGLE 49
227 40 227 40 RECTANGLE 50
86 60 86 60 RECTANGLE 51
180 134 180 134 RECTANGLE 52
158 296 158 296 RECTANGLE 53
56 336 56 336 RECTANGLE 54
Arrows:
820 453 820 453 RECTANGLE 7 702 481 702 481 RECTANGLE 8
702 481 702 481 RECTANGLE 9 600 379 600 379 RECTANGLE 10 575 560 575 560 RECTANGLE 1073
575 560 575 560 RECTANGLE 11 490 482 490 482 RECTANGLE 12 320 572 320 572 RECTANGLE 13
490 482 490 482 RECTANGLE 14 600 379 600 379 RECTANGLE 15
320 572 320 572 RECTANGLE 16 271 515 271 515 RECTANGLE 17 58 529 58 529 RECTANGLE 18
58 529 58 529 RECTANGLE 19
271 515 271 515 RECTANGLE 20 352 412 352 412 RECTANGLE 21 58 529 58 529 RECTANGLE 22
352 412 352 412 RECTANGLE 23 490 482 490 482 RECTANGLE 24 402 254 402 254 RECTANGLE 941
276 330 276 330 RECTANGLE 25 352 412 352 412 RECTANGLE 26 158 296 158 296 RECTANGLE 100 271 515 271 515 RECTANGLE 873
402 254 402 254 RECTANGLE 27 276 330 276 330 RECTANGLE 28
505 233 505 233 RECTANGLE 29 402 254 402 254 RECTANGLE 30 562 60 562 60 RECTANGLE 31
562 60 562 60 RECTANGLE 32 628 160 628 160 RECTANGLE 33
628 160 628 160 RECTANGLE 34 682 274 682 274 RECTANGLE 35 786 185 786 185 RECTANGLE 36
830 60 830 60 RECTANGLE 37 562 60 562 60 RECTANGLE 38
786 185 786 185 RECTANGLE 39 682 274 682 274 RECTANGLE 40 830 60 830 60 RECTANGLE 41 820 453 820 453 RECTANGLE 42
682 274 682 274 RECTANGLE 43 505 233 505 233 RECTANGLE 44 702 481 702 481 RECTANGLE 45
600 379 600 379 RECTANGLE 46 505 233 505 233 RECTANGLE 47 575 560 575 560 RECTANGLE 48
292 150 292 150 RECTANGLE 49 227 40 227 40 RECTANGLE 438 402 254 402 254 RECTANGLE 790 276 330 276 330 RECTANGLE 1015
227 40 227 40 RECTANGLE 50 180 134 180 134 RECTANGLE 351
86 60 86 60 RECTANGLE 51 227 40 227 40 RECTANGLE 311 56 336 56 336 RECTANGLE 618
180 134 180 134 RECTANGLE 52 86 60 86 60 RECTANGLE 251 292 150 292 150 RECTANGLE 390
158 296 158 296 RECTANGLE 53 56 336 56 336 RECTANGLE 157 180 134 180 134 RECTANGLE 204 292 150 292 150 RECTANGLE 707
56 336 56 336 RECTANGLE 54 180 134 180 134 RECTANGLE 507